%YAML:1.0
CM1: !!opencv-matrix
   rows: 3
   cols: 3
   dt: d
   data: [ 1.0135701459002103e+003, 0., 3.0808354468472390e+002, 0.,
       1.0453445542997874e+003, 6.0220553638136316e+001, 0., 0., 1. ]
CM2: !!opencv-matrix
   rows: 3
   cols: 3
   dt: d
   data: [ 1.0135701459002103e+003, 0., 2.2157499177961830e+002, 0.,
       1.0453445542997874e+003, 1.1216888624291833e+002, 0., 0., 1. ]
D1: !!opencv-matrix
   rows: 1
   cols: 5
   dt: d
   data: [ 7.1066688451952104e-002, 8.1215169020552958e-001, 0., 0.,
       -4.9998378992376225e+000 ]
D2: !!opencv-matrix
   rows: 1
   cols: 5
   dt: d
   data: [ -6.8696318621624319e-003, 1.0393814579122715e+000, 0., 0.,
       -3.1994464235698143e+000 ]
R: !!opencv-matrix
   rows: 3
   cols: 3
   dt: d
   data: [ 9.9836360669560753e-001, -3.9093799978050715e-002,
       -4.1734681369509655e-002, 4.0262813825667633e-002,
       9.9880931814559837e-001, 2.7547264988824996e-002,
       4.0608061374288254e-002, -2.9182542534897084e-002,
       9.9874889965527425e-001 ]
T: !!opencv-matrix
   rows: 3
   cols: 1
   dt: d
   data: [ 3.1215024567701408e+000, 7.6451027934039545e-002,
       2.9233687230859678e-001 ]
E: !!opencv-matrix
   rows: 3
   cols: 3
   dt: d
   data: [ -8.6657770296661007e-003, -2.9421982747388814e-001,
       6.8302298739147407e-002, 1.6510033086361053e-001,
       7.9664819005239140e-002, -3.1297977301887716e+000,
       4.9354548289485947e-002, 3.1207745016305641e+000,
       8.9179514631113926e-002 ]
F: !!opencv-matrix
   rows: 3
   cols: 3
   dt: d
   data: [ -3.8890676790362502e-008, -1.2802779802807393e-006,
       3.9977051608564577e-004, 7.1842309186488945e-007,
       3.3611915448376558e-007, -1.4045495210881330e-002,
       1.5253384637332293e-004, 1.4010098272424235e-002, 1. ]
R1: !!opencv-matrix
   rows: 3
   cols: 3
   dt: d
   data: [ 9.9848544001053818e-001, -1.7283453037379642e-002,
       5.2231296538249442e-002, 1.6576855331203507e-002,
       9.9976553531958667e-001, 1.3931340727606271e-002,
       -5.2459831817212310e-002, -1.3044410229864885e-002,
       9.9853783574157318e-001 ]
R2: !!opencv-matrix
   rows: 3
   cols: 3
   dt: d
   data: [ 9.9534734445940476e-001, 2.4377788801766571e-002,
       9.3216883077839374e-002, -2.3116324852917817e-002,
       9.9962633381271382e-001, -1.4588635078286328e-002,
       -9.3537689745393435e-002, 1.2365927433455869e-002,
       9.9553894169731261e-001 ]
P1: !!opencv-matrix
   rows: 3
   cols: 4
   dt: d
   data: [ 1.0442930913219350e+003, 0., 1.7861315345764160e+002, 0., 0.,
       1.0442930913219350e+003, 8.4886529445648193e+001, 0., 0., 0., 1.,
       0. ]
P2: !!opencv-matrix
   rows: 3
   cols: 4
   dt: d
   data: [ 1.0442930913219350e+003, 0., 1.7861315345764160e+002,
       3.2750009012381051e+003, 0., 1.0442930913219350e+003,
       8.4886529445648193e+001, 0., 0., 0., 1., 0. ]
Q: !!opencv-matrix
   rows: 4
   cols: 4
   dt: d
   data: [ 1., 0., 0., -1.7861315345764160e+002, 0., 1., 0.,
       -8.4886529445648193e+001, 0., 0., 0., 1.0442930913219350e+003, 0.,
       0., -3.1886803173921047e-001, 0. ]
