%YAML:1.0
CM1: !!opencv-matrix
   rows: 3
   cols: 3
   dt: d
   data: [ 6.1045155227565294e+002, 0., 1.9785532304748622e+002, 0.,
       6.1118844274734033e+002, 1.3434594477201574e+002, 0., 0., 1. ]
CM2: !!opencv-matrix
   rows: 3
   cols: 3
   dt: d
   data: [ 6.1045155227565294e+002, 0., 1.0026379805638884e+002, 0.,
       6.1118844274734033e+002, 2.1511159985754816e+002, 0., 0., 1. ]
D1: !!opencv-matrix
   rows: 1
   cols: 5
   dt: d
   data: [ 7.6825241803360159e-002, -1.1585662322207158e-001, 0., 0.,
       -7.8961343261014054e-003 ]
D2: !!opencv-matrix
   rows: 1
   cols: 5
   dt: d
   data: [ 1.5635943166946667e-001, -3.9307135507523705e-001, 0., 0.,
       4.7497989648728639e-001 ]
R: !!opencv-matrix
   rows: 3
   cols: 3
   dt: d
   data: [ 9.9831992636874045e-001, -4.0250521990081792e-002,
       -4.1679972344503699e-002, 4.0569417333045296e-002,
       9.9915335548523254e-001, 6.8333447050303742e-003,
       4.1369638533226935e-002, -8.5127963752520529e-003,
       9.9910764450358580e-001 ]
T: !!opencv-matrix
   rows: 3
   cols: 1
   dt: d
   data: [ 3.0704902266621663e+000, 2.3309203449449561e-001,
       3.1966921540933846e-001 ]
E: !!opencv-matrix
   rows: 3
   cols: 3
   dt: d
   data: [ -3.3258605964568578e-003, -3.2138283424791697e-001,
       2.3069962359586546e-001, 1.9210707679298394e-001,
       1.3271605287390771e-002, -3.0810740618893688e+000,
       -1.0813242329119049e-001, 3.0772726890142494e+000,
       3.0696987683664106e-002 ]
F: !!opencv-matrix
   rows: 3
   cols: 3
   dt: d
   data: [ -1.9966189789180116e-008, -1.9270363135290562e-006,
       1.1082924872657899e-003, 1.1518888802269452e-006,
       7.9481626906029523e-008, -1.1516286026397244e-002,
       -6.4205924910337080e-004, 1.1439900984518471e-002, 1. ]
R1: !!opencv-matrix
   rows: 3
   cols: 3
   dt: d
   data: [ 9.9746095506105847e-001, 3.4427952971672324e-002,
       6.2340670375456847e-002, -3.4650155986516870e-002,
       9.9939641004288027e-001, 2.4864198183591393e-003,
       -6.2217439828323805e-002, -4.6402206395168080e-003,
       9.9805183158672961e-001 ]
R2: !!opencv-matrix
   rows: 3
   cols: 3
   dt: d
   data: [ 9.9180104671690283e-001, 7.5291209783241775e-002,
       1.0325656134421526e-001, -7.4921802261630088e-002,
       9.9716153047906730e-001, -7.4569215171671104e-003,
       -1.0352491138428960e-001, -3.4038510523498123e-004,
       9.9462680280638693e-001 ]
P1: !!opencv-matrix
   rows: 3
   cols: 4
   dt: d
   data: [ 6.1118844274734033e+002, 0., 8.7480501532554626e+001, 0., 0.,
       6.1118844274734033e+002, 1.8553889465332031e+002, 0., 0., 0., 1.,
       0. ]
P2: !!opencv-matrix
   rows: 3
   cols: 4
   dt: d
   data: [ 6.1118844274734033e+002, 0., 8.7480501532554626e+001,
       1.8921618870203133e+003, 0., 6.1118844274734033e+002,
       1.8553889465332031e+002, 0., 0., 0., 1., 0. ]
Q: !!opencv-matrix
   rows: 4
   cols: 4
   dt: d
   data: [ 1., 0., 0., -8.7480501532554626e+001, 0., 1., 0.,
       -1.8553889465332031e+002, 0., 0., 0., 6.1118844274734033e+002, 0.,
       0., -3.2301065090673126e-001, 0. ]
